2009463077
818773962
761421485
1541460369
3033901359
2574315206
2023507013
3713589764
2988801276
3665997350
2978572782
2552002158
839005762
3247685844
3578882219
3391128917
3285178686
3578444636
3357749890
1508341791
2345493945
1635901197
2920337086
2883208829
2130957394
3486264784
3416243474
3264193512
2800155563
2426119067
1098354593
2059389912
3493889625
2011794898
2896613924
2982026860
935982361
3522759531
2590854091
3523011187
867467808
3446237098
3503450120
1874644848
3562954061
2878376981
3537970831
3566639513
3227796435
1235181370
2423311270
3587277884
1896806569
3689911226
1505423207
1446523594
1127530465
3213994174
3492954974
2894401734
3550544871
1678847247
3290742314
3296362231
3782667656
2888037450
1516158345
3461478214
1362098265
3545384484
3042607045
872762753
3558393733
2891797130
2572993856
2964282061
2870045856
3524116050
1279012058
2919759689
3367310887
3367534692
3513846773
3512466087
2280250569
1555355332
3236257897
3001121619
858744731
1508850027
3535112473
2478833213
3562365100
2878580643
3225403693
3232242247
3255379190
2475965842
3238976509
3220129183
1504723424
1319782555
3273463237
3597124120
3526934473
3540066516
3396308787
3268401022
2134308519
1938420742
3309003431
1914064942
3334272487
2688941031
2134308522
2198652536
2842502659
3484509389
2454918354
3461137081
3241577976
3286518227
2898431155
2258431182
3504909699
2556299118
2556298432
3248890712
2451340446
3326145525
3296476341
3478098371
3225933653
3613092072
2581693737
730936602
3574400467
2039480177
3529844914
2865361569
1561769193
3550578949
3333841184
3493717994
3266224389
2868392160
3578212339
3551203752
2654432921
3455694362
2134312965
2158539170
2468543398
2748889667
3006389281
2990596478
3033779606
3339063087
3308873789
3325655760
3549106170
1722398508
3245374432
3590863552
2868389782
3110971925
3400246558
3508457318
3534275396
3439473215
3323186008
3414794353
3421959154
3514746737
2960593459
2961683592
2988200143
2988200826
3674298993
3706665681
3739674393
2944488802
2816826107
3256974620
3257000248
2477501851
3292351432
3473140562
3687841204
3728916624
3473178683
3728917646
3578170180
3308877707
3534748687
2866467227
2991489003
3555799437
3260848700
3496629836
3292354961
3412260468
3413342283
3552083629
3302328100
3473147120
3422615030
3425427670
3457113697
3497791778
3036480100
3477405110
3454053400
3560043283
3588393755
3545907507
2976632810
3459339805
3701480464
2785616901
2554469600
1578693166
3715845771
3043354134
3204817310
2779404660
3318518996
3497716501
3497720301
3497722288
3497724828
3159926804
3300291918
3381392312
3492088220
3394862242
3293914637
3421431725
3383002343
3505290557
836308268
3603632744
2619214952
3655037598
3721760745
3745917303
3626456960
2574995438
2211305406
1778821244
3663824172
3698641606
3707497233
2664723367
3529433984
3697920753
3692498711
3443626025
